                                   OLS Regression Results                                  
===========================================================================================
Dep. Variable:     Total_Expected_Number_of_Deaths   R-squared:                       0.123
Model:                                         OLS   Adj. R-squared:                  0.120
Method:                              Least Squares   F-statistic:                     48.07
Date:                             Mon, 12 Jun 2023   Prob (F-statistic):          9.01e-257
Time:                                     11:49:49   Log-Likelihood:                -28129.
No. Observations:                            10000   AIC:                         5.632e+04
Df Residuals:                                 9970   BIC:                         5.653e+04
Df Model:                                       29                                         
Covariance Type:                         nonrobust                                         
===========================================================================================
                              coef    std err          t      P>|t|      [0.025      0.975]
-------------------------------------------------------------------------------------------
const                       0.0095      0.001      8.323      0.000       0.007       0.012
A.0_ID flood wave shape    -0.0007      0.001     -0.705      0.481      -0.003       0.001
A.1_Bmax                   -0.0005      0.000     -1.134      0.257      -0.001       0.000
A.1_Brate                   0.0111      0.010      1.121      0.262      -0.008       0.031
A.1_pfail                  -1.3334      0.141     -9.435      0.000      -1.610      -1.056
A.2_Bmax                 3.243e-05      0.000      0.073      0.942      -0.001       0.001
A.2_Brate                  -0.0068      0.010     -0.694      0.488      -0.026       0.012
A.2_pfail                  -1.0520      0.142     -7.402      0.000      -1.331      -0.773
A.3_Bmax                    0.0001      0.000      0.304      0.761      -0.001       0.001
A.3_Brate                   0.0065      0.010      0.663      0.508      -0.013       0.026
A.3_pfail                  -1.7828      0.141    -12.620      0.000      -2.060      -1.506
A.4_Bmax                    0.0005      0.000      1.219      0.223      -0.000       0.001
A.4_Brate                  -0.0172      0.010     -1.733      0.083      -0.037       0.002
A.4_pfail                   0.2938      0.141      2.081      0.038       0.017       0.571
A.5_Bmax                 6.159e-05      0.000      0.140      0.889      -0.001       0.001
A.5_Brate                  -0.0153      0.010     -1.552      0.121      -0.035       0.004
A.5_pfail                  -0.3647      0.141     -2.580      0.010      -0.642      -0.088
discount rate 0            -0.0164      0.036     -0.452      0.651      -0.088       0.055
discount rate 1             0.0970      0.036      2.662      0.008       0.026       0.168
discount rate 2             0.0128      0.037      0.350      0.726      -0.059       0.084
discount rate 3             0.0411      0.036      1.130      0.258      -0.030       0.112
0_RfR 0                    -0.0142      0.001    -17.368      0.000      -0.016      -0.013
0_RfR 1                    -0.0051      0.001     -3.971      0.000      -0.008      -0.003
0_RfR 2                    -0.0137      0.001     -9.965      0.000      -0.016      -0.011
0_RfR 3                     0.0271      0.002     10.887      0.000       0.022       0.032
1_RfR 0                    -0.0257      0.002    -16.372      0.000      -0.029      -0.023
1_RfR 1                     0.0062      0.001      4.484      0.000       0.003       0.009
1_RfR 2                     0.0088      0.002      3.859      0.000       0.004       0.013
1_RfR 3                    -0.0287      0.002    -12.744      0.000      -0.033      -0.024
2_RfR 0                    -0.0283      0.003     -9.639      0.000      -0.034      -0.023
2_RfR 1                     0.0074      0.002      3.749      0.000       0.004       0.011
2_RfR 2                     0.0286      0.002     17.552      0.000       0.025       0.032
2_RfR 3                     0.0030      0.002      1.682      0.093      -0.000       0.006
3_RfR 0                    -0.0065      0.003     -2.530      0.011      -0.012      -0.001
3_RfR 1                    -0.0137      0.001     -9.965      0.000      -0.016      -0.011
3_RfR 2                    -0.0065      0.003     -2.530      0.011      -0.012      -0.001
3_RfR 3                     0.0021      0.001      1.491      0.136      -0.001       0.005
4_RfR 0                     0.0151      0.002      7.069      0.000       0.011       0.019
4_RfR 1                     0.0065      0.002      3.047      0.002       0.002       0.011
4_RfR 2                     0.0312      0.002     15.528      0.000       0.027       0.035
4_RfR 3                     0.0180      0.002      8.421      0.000       0.014       0.022
A.1_DikeIncrease 0          0.0933      0.010      9.602      0.000       0.074       0.112
A.1_DikeIncrease 1          0.0085      0.010      0.881      0.378      -0.010       0.027
A.1_DikeIncrease 2          0.0412      0.009      4.438      0.000       0.023       0.059
A.1_DikeIncrease 3          0.0707      0.011      6.665      0.000       0.050       0.091
A.2_DikeIncrease 0          0.0102      0.007      1.370      0.171      -0.004       0.025
A.2_DikeIncrease 1         -0.0785      0.005    -16.584      0.000      -0.088      -0.069
A.2_DikeIncrease 2          0.1518      0.008     17.946      0.000       0.135       0.168
A.2_DikeIncrease 3          0.1750      0.008     21.181      0.000       0.159       0.191
A.3_DikeIncrease 0          0.0288      0.012      2.430      0.015       0.006       0.052
A.3_DikeIncrease 1          0.0117      0.006      1.805      0.071      -0.001       0.024
A.3_DikeIncrease 2         -0.0038      0.010     -0.375      0.707      -0.024       0.016
A.3_DikeIncrease 3          0.1868      0.010     18.846      0.000       0.167       0.206
A.4_DikeIncrease 0         -0.0852      0.007    -11.752      0.000      -0.099      -0.071
A.4_DikeIncrease 1          0.0200      0.007      2.836      0.005       0.006       0.034
A.4_DikeIncrease 2         -0.0170      0.007     -2.373      0.018      -0.031      -0.003
A.4_DikeIncrease 3          0.0195      0.008      2.470      0.014       0.004       0.035
A.5_DikeIncrease 0          0.0081      0.004      1.934      0.053      -0.000       0.016
A.5_DikeIncrease 1         -0.0869      0.007    -11.921      0.000      -0.101      -0.073
A.5_DikeIncrease 2         -0.0569      0.008     -7.420      0.000      -0.072      -0.042
A.5_DikeIncrease 3          0.0365      0.007      5.080      0.000       0.022       0.051
EWS_DaysToThreat           -0.0210      0.003     -6.859      0.000      -0.027      -0.015
==============================================================================
Omnibus:                    17476.269   Durbin-Watson:                   2.057
Prob(Omnibus):                  0.000   Jarque-Bera (JB):         23012165.937
Skew:                          12.310   Prob(JB):                         0.00
Kurtosis:                     236.716   Cond. No.                     9.23e+16
==============================================================================

Notes:
[1] Standard Errors assume that the covariance matrix of the errors is correctly specified.
[2] The smallest eigenvalue is 2.28e-25. This might indicate that there are
strong multicollinearity problems or that the design matrix is singular.