                                 OLS Regression Results                                
=======================================================================================
Dep. Variable:     Total_Dike_Investment_Costs   R-squared:                       1.000
Model:                                     OLS   Adj. R-squared:                  1.000
Method:                          Least Squares   F-statistic:                 7.741e+28
Date:                         Tue, 13 Jun 2023   Prob (F-statistic):               0.00
Time:                                 14:24:54   Log-Likelihood:             1.0322e+05
No. Observations:                        10000   AIC:                        -2.064e+05
Df Residuals:                             9970   BIC:                        -2.062e+05
Df Model:                                   29                                         
Covariance Type:                     nonrobust                                         
===========================================================================================
                              coef    std err          t      P>|t|      [0.025      0.975]
-------------------------------------------------------------------------------------------
const                    2.231e+06   2.26e-09   9.86e+14      0.000    2.23e+06    2.23e+06
A.0_ID flood wave shape -5.661e-09    2.1e-09     -2.698      0.007   -9.77e-09   -1.55e-09
A.1_Bmax                -1.195e-08   8.73e-10    -13.695      0.000   -1.37e-08   -1.02e-08
A.1_Brate                2.545e-08   1.96e-08      1.296      0.195    -1.3e-08    6.39e-08
A.1_pfail                2.962e-07   2.79e-07      1.061      0.289   -2.51e-07    8.43e-07
A.2_Bmax                -5.188e-09   8.74e-10     -5.937      0.000    -6.9e-09   -3.47e-09
A.2_Brate                2.596e-08   1.95e-08      1.333      0.183   -1.22e-08    6.41e-08
A.2_pfail               -1.863e-07   2.81e-07     -0.663      0.507   -7.37e-07    3.64e-07
A.3_Bmax                -1.208e-09   8.74e-10     -1.381      0.167   -2.92e-09    5.06e-10
A.3_Brate                2.212e-09   1.95e-08      0.113      0.910    -3.6e-08    4.04e-08
A.3_pfail                -4.75e-08   2.79e-07     -0.170      0.865   -5.95e-07       5e-07
A.4_Bmax                 8.666e-09   8.68e-10      9.985      0.000    6.96e-09    1.04e-08
A.4_Brate               -2.328e-08   1.96e-08     -1.191      0.234   -6.16e-08    1.51e-08
A.4_pfail                1.015e-07   2.79e-07      0.364      0.716   -4.45e-07    6.48e-07
A.5_Bmax                -5.781e-09   8.68e-10     -6.659      0.000   -7.48e-09   -4.08e-09
A.5_Brate               -2.561e-09   1.94e-08     -0.132      0.895   -4.06e-08    3.55e-08
A.5_pfail               -3.446e-08   2.79e-07     -0.123      0.902   -5.82e-07    5.13e-07
discount rate 0         -2.305e-08   7.18e-08     -0.321      0.748   -1.64e-07    1.18e-07
discount rate 1         -1.127e-07    7.2e-08     -1.565      0.118   -2.54e-07    2.84e-08
discount rate 2          7.637e-08   7.21e-08      1.059      0.290    -6.5e-08    2.18e-07
discount rate 3          4.726e-08   7.18e-08      0.659      0.510   -9.34e-08    1.88e-07
0_RfR 0                  2.105e+05   1.62e-09    1.3e+14      0.000    2.11e+05    2.11e+05
0_RfR 1                  7.999e+05   2.55e-09   3.13e+14      0.000       8e+05       8e+05
0_RfR 2                  1.469e+06   2.72e-09   5.41e+14      0.000    1.47e+06    1.47e+06
0_RfR 3                  1.392e+06   4.92e-09   2.83e+14      0.000    1.39e+06    1.39e+06
1_RfR 0                  8.208e+05    3.1e-09   2.64e+14      0.000    8.21e+05    8.21e+05
1_RfR 1                  1.024e+06   2.73e-09   3.75e+14      0.000    1.02e+06    1.02e+06
1_RfR 2                  1.266e+06   4.51e-09   2.81e+14      0.000    1.27e+06    1.27e+06
1_RfR 3                  1.881e+05   4.45e-09   4.23e+13      0.000    1.88e+05    1.88e+05
2_RfR 0                  5.779e+05   5.81e-09   9.95e+13      0.000    5.78e+05    5.78e+05
2_RfR 1                  8.387e+05   3.93e-09   2.14e+14      0.000    8.39e+05    8.39e+05
2_RfR 2                  1.179e+06   3.22e-09   3.66e+14      0.000    1.18e+06    1.18e+06
2_RfR 3                  8.181e+05   3.51e-09   2.33e+14      0.000    8.18e+05    8.18e+05
3_RfR 0                  9.523e+05   5.09e-09   1.87e+14      0.000    9.52e+05    9.52e+05
3_RfR 1                  1.469e+06   2.72e-09   5.41e+14      0.000    1.47e+06    1.47e+06
3_RfR 2                  9.523e+05   5.09e-09   1.87e+14      0.000    9.52e+05    9.52e+05
3_RfR 3                  1.005e+06   2.77e-09   3.63e+14      0.000    1.01e+06    1.01e+06
4_RfR 0                  1.854e+06   4.23e-09   4.38e+14      0.000    1.85e+06    1.85e+06
4_RfR 1                  1.413e+06   4.24e-09   3.33e+14      0.000    1.41e+06    1.41e+06
4_RfR 2                  1.422e+06   3.97e-09   3.58e+14      0.000    1.42e+06    1.42e+06
4_RfR 3                  1.214e+06   4.23e-09   2.87e+14      0.000    1.21e+06    1.21e+06
A.1_DikeIncrease 0       9.654e+06   1.92e-08   5.03e+14      0.000    9.65e+06    9.65e+06
A.1_DikeIncrease 1       1.685e+07    1.9e-08   8.84e+14      0.000    1.68e+07    1.68e+07
A.1_DikeIncrease 2       1.086e+07   1.83e-08   5.92e+14      0.000    1.09e+07    1.09e+07
A.1_DikeIncrease 3       1.112e+07    2.1e-08   5.31e+14      0.000    1.11e+07    1.11e+07
A.2_DikeIncrease 0       1.372e+07   1.47e-08   9.33e+14      0.000    1.37e+07    1.37e+07
A.2_DikeIncrease 1       5.924e+06   9.35e-09   6.33e+14      0.000    5.92e+06    5.92e+06
A.2_DikeIncrease 2        1.37e+07   1.67e-08   8.19e+14      0.000    1.37e+07    1.37e+07
A.2_DikeIncrease 3        1.44e+07   1.63e-08   8.82e+14      0.000    1.44e+07    1.44e+07
A.3_DikeIncrease 0       1.379e+07   2.34e-08   5.88e+14      0.000    1.38e+07    1.38e+07
A.3_DikeIncrease 1       8.717e+06   1.28e-08   6.82e+14      0.000    8.72e+06    8.72e+06
A.3_DikeIncrease 2       6.763e+06   1.99e-08    3.4e+14      0.000    6.76e+06    6.76e+06
A.3_DikeIncrease 3       1.211e+07   1.96e-08   6.18e+14      0.000    1.21e+07    1.21e+07
A.4_DikeIncrease 0       5.917e+06   1.43e-08   4.13e+14      0.000    5.92e+06    5.92e+06
A.4_DikeIncrease 1       9.568e+06   1.39e-08   6.88e+14      0.000    9.57e+06    9.57e+06
A.4_DikeIncrease 2       6.982e+06   1.41e-08   4.94e+14      0.000    6.98e+06    6.98e+06
A.4_DikeIncrease 3       7.462e+06   1.56e-08   4.78e+14      0.000    7.46e+06    7.46e+06
A.5_DikeIncrease 0       6.044e+06   8.24e-09   7.34e+14      0.000    6.04e+06    6.04e+06
A.5_DikeIncrease 1       6.897e+06   1.44e-08   4.79e+14      0.000     6.9e+06     6.9e+06
A.5_DikeIncrease 2       1.003e+07   1.51e-08   6.62e+14      0.000       1e+07       1e+07
A.5_DikeIncrease 3       7.672e+06   1.42e-08   5.41e+14      0.000    7.67e+06    7.67e+06
EWS_DaysToThreat         3.887e+06   6.04e-09   6.43e+14      0.000    3.89e+06    3.89e+06
==============================================================================
Omnibus:                      570.057   Durbin-Watson:                   0.083
Prob(Omnibus):                  0.000   Jarque-Bera (JB):              670.946
Skew:                          -0.630   Prob(JB):                    2.02e-146
Kurtosis:                       3.150   Cond. No.                     9.23e+16
==============================================================================

Notes:
[1] Standard Errors assume that the covariance matrix of the errors is correctly specified.
[2] The smallest eigenvalue is 2.28e-25. This might indicate that there are
strong multicollinearity problems or that the design matrix is singular.