                                OLS Regression Results                               
=====================================================================================
Dep. Variable:     Expected_evacuation_costs   R-squared:                       0.165
Model:                                   OLS   Adj. R-squared:                  0.163
Method:                        Least Squares   F-statistic:                     68.06
Date:                       Mon, 12 Jun 2023   Prob (F-statistic):               0.00
Time:                               11:49:49   Log-Likelihood:                -96560.
No. Observations:                      10000   AIC:                         1.932e+05
Df Residuals:                           9970   BIC:                         1.934e+05
Df Model:                                 29                                         
Covariance Type:                   nonrobust                                         
===========================================================================================
                              coef    std err          t      P>|t|      [0.025      0.975]
-------------------------------------------------------------------------------------------
const                      17.3400      1.074     16.152      0.000      15.236      19.444
A.0_ID flood wave shape    -0.7952      0.995     -0.799      0.424      -2.746       1.156
A.1_Bmax                   -0.0738      0.414     -0.178      0.859      -0.886       0.738
A.1_Brate                   7.3533      9.315      0.789      0.430     -10.906      25.613
A.1_pfail                -679.5641    132.466     -5.130      0.000    -939.224    -419.904
A.2_Bmax                    0.3428      0.415      0.827      0.408      -0.470       1.155
A.2_Brate                  -4.7773      9.241     -0.517      0.605     -22.892      13.338
A.2_pfail               -1689.9552    133.224    -12.685      0.000   -1951.100   -1428.810
A.3_Bmax                    0.0571      0.415      0.138      0.891      -0.756       0.870
A.3_Brate                   0.0327      9.252      0.004      0.997     -18.104      18.169
A.3_pfail               -1369.2854    132.420    -10.340      0.000   -1628.855   -1109.716
A.4_Bmax                    0.3636      0.412      0.883      0.377      -0.443       1.171
A.4_Brate                 -15.0476      9.279     -1.622      0.105     -33.236       3.141
A.4_pfail                 -63.5945    132.379     -0.480      0.631    -323.084     195.895
A.5_Bmax                   -0.5428      0.412     -1.318      0.188      -1.350       0.265
A.5_Brate                   0.5485      9.218      0.060      0.953     -17.520      18.617
A.5_pfail               -1467.8009    132.489    -11.079      0.000   -1727.506   -1208.096
discount rate 0           -20.8436     34.045     -0.612      0.540     -87.578      45.891
discount rate 1            93.1981     34.157      2.728      0.006      26.243     160.154
discount rate 2            53.1090     34.217      1.552      0.121     -13.963     120.181
discount rate 3             7.6982     34.051      0.226      0.821     -59.049      74.445
0_RfR 0                    -0.6529      0.768     -0.850      0.395      -2.158       0.852
0_RfR 1                    28.0346      1.212     23.128      0.000      25.659      30.411
0_RfR 2                     5.7846      1.289      4.488      0.000       3.258       8.311
0_RfR 3                    33.0578      2.336     14.151      0.000      28.479      37.637
1_RfR 0                   -10.2308      1.473     -6.947      0.000     -13.118      -7.344
1_RfR 1                   -14.2175      1.295    -10.979      0.000     -16.756     -11.679
1_RfR 2                    -8.0880      2.138     -3.784      0.000     -12.278      -3.898
1_RfR 3                   -25.3700      2.109    -12.028      0.000     -29.505     -21.235
2_RfR 0                   -16.3602      2.755     -5.939      0.000     -21.760     -10.960
2_RfR 1                    26.0314      1.862     13.977      0.000      22.381      29.682
2_RfR 2                    -0.5613      1.528     -0.367      0.713      -3.557       2.435
2_RfR 3                    22.5477      1.666     13.536      0.000      19.282      25.813
3_RfR 0                    13.9014      2.416      5.754      0.000       9.166      18.637
3_RfR 1                     5.7846      1.289      4.488      0.000       3.258       8.311
3_RfR 2                    13.9014      2.416      5.754      0.000       9.166      18.637
3_RfR 3                   -11.7684      1.313     -8.965      0.000     -14.342      -9.195
4_RfR 0                   -27.8004      2.009    -13.841      0.000     -31.738     -23.863
4_RfR 1                    -5.2077      2.013     -2.587      0.010      -9.154      -1.262
4_RfR 2                     5.5681      1.885      2.954      0.003       1.873       9.263
4_RfR 3                    21.0998      2.007     10.515      0.000      17.166      25.033
A.1_DikeIncrease 0        200.8542      9.105     22.059      0.000     183.006     218.703
A.1_DikeIncrease 1       -147.4828      9.038    -16.319      0.000    -165.198    -129.767
A.1_DikeIncrease 2        -36.1505      8.705     -4.153      0.000     -53.213     -19.088
A.1_DikeIncrease 3         85.9184      9.942      8.642      0.000      66.430     105.406
A.2_DikeIncrease 0        -76.2885      6.978    -10.933      0.000     -89.967     -62.610
A.2_DikeIncrease 1        -64.6670      4.438    -14.571      0.000     -73.366     -55.968
A.2_DikeIncrease 2        -76.3470      7.931     -9.627      0.000     -91.893     -60.801
A.2_DikeIncrease 3         74.7054      7.745      9.646      0.000      59.525      89.886
A.3_DikeIncrease 0        213.7299     11.123     19.215      0.000     191.927     235.533
A.3_DikeIncrease 1        138.2405      6.064     22.798      0.000     126.354     150.127
A.3_DikeIncrease 2        128.9117      9.449     13.643      0.000     110.390     147.434
A.3_DikeIncrease 3        138.4968      9.290     14.908      0.000     120.286     156.707
A.4_DikeIncrease 0        -39.7265      6.794     -5.847      0.000     -53.044     -26.409
A.4_DikeIncrease 1         94.0980      6.601     14.255      0.000      81.159     107.037
A.4_DikeIncrease 2       -101.8087      6.713    -15.167      0.000    -114.967     -88.651
A.4_DikeIncrease 3        -75.5394      7.410    -10.194      0.000     -90.065     -61.014
A.5_DikeIncrease 0        -49.6951      3.908    -12.717      0.000     -57.355     -42.035
A.5_DikeIncrease 1          6.3894      6.836      0.935      0.350      -7.010      19.789
A.5_DikeIncrease 2         99.1963      7.187     13.802      0.000      85.108     113.284
A.5_DikeIncrease 3        121.8495      6.728     18.111      0.000     108.661     135.038
EWS_DaysToThreat           84.4015      2.868     29.430      0.000      78.780      90.023
==============================================================================
Omnibus:                    14681.302   Durbin-Watson:                   2.066
Prob(Omnibus):                  0.000   Jarque-Bera (JB):          5938267.460
Skew:                           8.940   Prob(JB):                         0.00
Kurtosis:                     121.035   Cond. No.                     9.23e+16
==============================================================================

Notes:
[1] Standard Errors assume that the covariance matrix of the errors is correctly specified.
[2] The smallest eigenvalue is 2.28e-25. This might indicate that there are
strong multicollinearity problems or that the design matrix is singular.