                            OLS Regression Results                            
==============================================================================
Dep. Variable:        RfR_Total_Costs   R-squared:                       1.000
Model:                            OLS   Adj. R-squared:                  1.000
Method:                 Least Squares   F-statistic:                 5.860e+29
Date:                Thu, 08 Jun 2023   Prob (F-statistic):               0.00
Time:                        12:19:41   Log-Likelihood:                 99029.
No. Observations:               10000   AIC:                        -1.980e+05
Df Residuals:                    9970   BIC:                        -1.978e+05
Df Model:                          29                                         
Covariance Type:            nonrobust                                         
===========================================================================================
                              coef    std err          t      P>|t|      [0.025      0.975]
-------------------------------------------------------------------------------------------
const                    4.614e+06   3.44e-09   1.34e+15      0.000    4.61e+06    4.61e+06
A.0_ID flood wave shape  2.736e-09   3.19e-09      0.858      0.391   -3.52e-09    8.99e-09
A.1_Bmax                -1.364e-08   1.33e-09    -10.276      0.000   -1.62e-08    -1.1e-08
A.1_Brate                5.661e-08   2.98e-08      1.897      0.058    -1.9e-09    1.15e-07
A.1_pfail                1.414e-06   4.24e-07      3.331      0.001    5.82e-07    2.25e-06
A.2_Bmax                -2.387e-09   1.33e-09     -1.797      0.072   -4.99e-09    2.17e-10
A.2_Brate                1.285e-07   2.96e-08      4.341      0.000    7.05e-08    1.87e-07
A.2_pfail               -1.118e-08   4.27e-07     -0.026      0.979   -8.48e-07    8.26e-07
A.3_Bmax                 3.056e-10   1.33e-09      0.230      0.818    -2.3e-09    2.91e-09
A.3_Brate                8.615e-09   2.96e-08      0.291      0.771   -4.95e-08    6.67e-08
A.3_pfail               -3.306e-07   4.24e-07     -0.779      0.436   -1.16e-06    5.01e-07
A.4_Bmax                 6.592e-09   1.32e-09      4.997      0.000    4.01e-09    9.18e-09
A.4_Brate                3.492e-09   2.97e-08      0.117      0.906   -5.48e-08    6.18e-08
A.4_pfail               -2.226e-07   4.24e-07     -0.525      0.600   -1.05e-06    6.09e-07
A.5_Bmax                 -6.14e-08   1.32e-09    -46.530      0.000    -6.4e-08   -5.88e-08
A.5_Brate               -2.183e-08   2.95e-08     -0.739      0.460   -7.97e-08    3.61e-08
A.5_pfail               -1.006e-07   4.24e-07     -0.237      0.813   -9.33e-07    7.32e-07
discount rate 0          1.488e-07   1.09e-07      1.364      0.173    -6.5e-08    3.63e-07
discount rate 1         -2.794e-07   1.09e-07     -2.553      0.011   -4.94e-07   -6.49e-08
discount rate 2          1.688e-07    1.1e-07      1.540      0.124   -4.61e-08    3.84e-07
discount rate 3          9.476e-08   1.09e-07      0.869      0.385   -1.19e-07    3.09e-07
0_RfR 0                 -6.148e+06   2.46e-09   -2.5e+15      0.000   -6.15e+06   -6.15e+06
0_RfR 1                 -2.219e+06   3.88e-09  -5.71e+14      0.000   -2.22e+06   -2.22e+06
0_RfR 2                  4.188e+06   4.13e-09   1.01e+15      0.000    4.19e+06    4.19e+06
0_RfR 3                  2.479e+06   7.48e-09   3.31e+14      0.000    2.48e+06    2.48e+06
1_RfR 0                  9.203e+06   4.72e-09   1.95e+15      0.000     9.2e+06     9.2e+06
1_RfR 1                  1.424e+07   4.15e-09   3.43e+15      0.000    1.42e+07    1.42e+07
1_RfR 2                   9.53e+06   6.85e-09   1.39e+15      0.000    9.53e+06    9.53e+06
1_RfR 3                  1.424e+07   6.76e-09   2.11e+15      0.000    1.42e+07    1.42e+07
2_RfR 0                  1.391e+07   8.83e-09   1.58e+15      0.000    1.39e+07    1.39e+07
2_RfR 1                 -7.507e+05   5.97e-09  -1.26e+14      0.000   -7.51e+05   -7.51e+05
2_RfR 2                  5.412e+06    4.9e-09   1.11e+15      0.000    5.41e+06    5.41e+06
2_RfR 3                 -9.287e+06   5.34e-09  -1.74e+15      0.000   -9.29e+06   -9.29e+06
3_RfR 0                  1.144e+07   7.74e-09   1.48e+15      0.000    1.14e+07    1.14e+07
3_RfR 1                  4.188e+06   4.13e-09   1.01e+15      0.000    4.19e+06    4.19e+06
3_RfR 2                  1.144e+07   7.74e-09   1.48e+15      0.000    1.14e+07    1.14e+07
3_RfR 3                   5.88e+06   4.21e-09    1.4e+15      0.000    5.88e+06    5.88e+06
4_RfR 0                  7.822e+06   6.44e-09   1.22e+15      0.000    7.82e+06    7.82e+06
4_RfR 1                   1.39e+07   6.45e-09   2.16e+15      0.000    1.39e+07    1.39e+07
4_RfR 2                  7.054e+05   6.04e-09   1.17e+14      0.000    7.05e+05    7.05e+05
4_RfR 3                  6.111e+06   6.43e-09   9.51e+14      0.000    6.11e+06    6.11e+06
A.1_DikeIncrease 0      -1.054e+07   2.92e-08  -3.61e+14      0.000   -1.05e+07   -1.05e+07
A.1_DikeIncrease 1       5.173e+07    2.9e-08   1.79e+15      0.000    5.17e+07    5.17e+07
A.1_DikeIncrease 2      -1.742e+07   2.79e-08  -6.25e+14      0.000   -1.74e+07   -1.74e+07
A.1_DikeIncrease 3       7.496e+07   3.19e-08   2.35e+15      0.000     7.5e+07     7.5e+07
A.2_DikeIncrease 0       4.779e+07   2.24e-08   2.14e+15      0.000    4.78e+07    4.78e+07
A.2_DikeIncrease 1       1.796e+07   1.42e-08   1.26e+15      0.000     1.8e+07     1.8e+07
A.2_DikeIncrease 2      -4.231e+06   2.54e-08  -1.66e+14      0.000   -4.23e+06   -4.23e+06
A.2_DikeIncrease 3       2.166e+07   2.48e-08   8.73e+14      0.000    2.17e+07    2.17e+07
A.3_DikeIncrease 0      -5.153e+06   3.56e-08  -1.45e+14      0.000   -5.15e+06   -5.15e+06
A.3_DikeIncrease 1      -5.192e+07   1.94e-08  -2.67e+15      0.000   -5.19e+07   -5.19e+07
A.3_DikeIncrease 2       4.431e+07   3.03e-08   1.46e+15      0.000    4.43e+07    4.43e+07
A.3_DikeIncrease 3       2.581e+07   2.98e-08   8.67e+14      0.000    2.58e+07    2.58e+07
A.4_DikeIncrease 0       2.771e+07   2.18e-08   1.27e+15      0.000    2.77e+07    2.77e+07
A.4_DikeIncrease 1       6.359e+06   2.11e-08   3.01e+14      0.000    6.36e+06    6.36e+06
A.4_DikeIncrease 2      -2.593e+07   2.15e-08  -1.21e+15      0.000   -2.59e+07   -2.59e+07
A.4_DikeIncrease 3       2.221e+07   2.37e-08   9.35e+14      0.000    2.22e+07    2.22e+07
A.5_DikeIncrease 0       1.816e+07   1.25e-08   1.45e+15      0.000    1.82e+07    1.82e+07
A.5_DikeIncrease 1       1.027e+07   2.19e-08   4.69e+14      0.000    1.03e+07    1.03e+07
A.5_DikeIncrease 2       2.172e+07    2.3e-08   9.43e+14      0.000    2.17e+07    2.17e+07
A.5_DikeIncrease 3      -4.144e+06   2.16e-08  -1.92e+14      0.000   -4.14e+06   -4.14e+06
EWS_DaysToThreat        -9.537e+06   9.19e-09  -1.04e+15      0.000   -9.54e+06   -9.54e+06
==============================================================================
Omnibus:                      307.965   Durbin-Watson:                   0.496
Prob(Omnibus):                  0.000   Jarque-Bera (JB):              336.801
Skew:                          -0.449   Prob(JB):                     7.32e-74
Kurtosis:                       2.963   Cond. No.                     9.23e+16
==============================================================================

Notes:
[1] Standard Errors assume that the covariance matrix of the errors is correctly specified.
[2] The smallest eigenvalue is 2.28e-25. This might indicate that there are
strong multicollinearity problems or that the design matrix is singular.