                                 OLS Regression Results                                 
========================================================================================
Dep. Variable:     Total_Expected_Annual_Damage   R-squared:                       0.114
Model:                                      OLS   Adj. R-squared:                  0.112
Method:                           Least Squares   F-statistic:                     44.31
Date:                          Mon, 12 Jun 2023   Prob (F-statistic):          2.47e-236
Time:                                  13:55:22   Log-Likelihood:            -2.4268e+05
No. Observations:                         10000   AIC:                         4.854e+05
Df Residuals:                              9970   BIC:                         4.856e+05
Df Model:                                    29                                         
Covariance Type:                      nonrobust                                         
===========================================================================================
                              coef    std err          t      P>|t|      [0.025      0.975]
-------------------------------------------------------------------------------------------
const                    3.379e+07   2.38e+06     14.195      0.000    2.91e+07    3.85e+07
A.0_ID flood wave shape -1.843e+06   2.21e+06     -0.835      0.404   -6.17e+06    2.48e+06
A.1_Bmax                -9.856e+05   9.18e+05     -1.073      0.283   -2.79e+06    8.14e+05
A.1_Brate                2.011e+07   2.07e+07      0.974      0.330   -2.04e+07    6.06e+07
A.1_pfail               -4.691e+09   2.94e+08    -15.973      0.000   -5.27e+09   -4.12e+09
A.2_Bmax                -8855.2898   9.19e+05     -0.010      0.992   -1.81e+06    1.79e+06
A.2_Brate                -1.16e+07   2.05e+07     -0.566      0.571   -5.18e+07    2.86e+07
A.2_pfail               -2.181e+09   2.95e+08     -7.383      0.000   -2.76e+09    -1.6e+09
A.3_Bmax                 1.936e+05    9.2e+05      0.210      0.833   -1.61e+06       2e+06
A.3_Brate                8.012e+06   2.05e+07      0.391      0.696   -3.22e+07    4.82e+07
A.3_pfail               -2.102e+09   2.94e+08     -7.159      0.000   -2.68e+09   -1.53e+09
A.4_Bmax                 1.097e+06   9.13e+05      1.202      0.229   -6.92e+05    2.89e+06
A.4_Brate               -4.377e+07   2.06e+07     -2.128      0.033   -8.41e+07   -3.45e+06
A.4_pfail                3.573e+08   2.94e+08      1.218      0.223   -2.18e+08    9.33e+08
A.5_Bmax                 4.404e+05   9.13e+05      0.482      0.630   -1.35e+06    2.23e+06
A.5_Brate               -1.864e+07   2.04e+07     -0.912      0.362   -5.87e+07    2.14e+07
A.5_pfail               -1.251e+09   2.94e+08     -4.260      0.000   -1.83e+09   -6.76e+08
discount rate 0         -2.807e+08   7.55e+07     -3.719      0.000   -4.29e+08   -1.33e+08
discount rate 1          2.029e+07   7.57e+07      0.268      0.789   -1.28e+08    1.69e+08
discount rate 2         -4.476e+06   7.59e+07     -0.059      0.953   -1.53e+08    1.44e+08
discount rate 3          5.773e+06   7.55e+07      0.076      0.939   -1.42e+08    1.54e+08
0_RfR 0                 -2.156e+07    1.7e+06    -12.666      0.000   -2.49e+07   -1.82e+07
0_RfR 1                   3.82e+06   2.69e+06      1.421      0.155   -1.45e+06    9.09e+06
0_RfR 2                 -7.026e+06   2.86e+06     -2.459      0.014   -1.26e+07   -1.42e+06
0_RfR 3                  4.574e+07   5.18e+06      8.830      0.000    3.56e+07    5.59e+07
1_RfR 0                 -4.713e+07   3.27e+06    -14.434      0.000   -5.35e+07   -4.07e+07
1_RfR 1                 -4.646e+06   2.87e+06     -1.618      0.106   -1.03e+07    9.82e+05
1_RfR 2                 -1.078e+07   4.74e+06     -2.274      0.023   -2.01e+07   -1.49e+06
1_RfR 3                 -4.043e+07   4.68e+06     -8.645      0.000   -4.96e+07   -3.13e+07
2_RfR 0                   -4.1e+07   6.11e+06     -6.712      0.000    -5.3e+07    -2.9e+07
2_RfR 1                  1.567e+07   4.13e+06      3.794      0.000    7.57e+06    2.38e+07
2_RfR 2                  5.071e+07   3.39e+06     14.965      0.000    4.41e+07    5.74e+07
2_RfR 3                    3.9e+07   3.69e+06     10.561      0.000    3.18e+07    4.62e+07
3_RfR 0                  3.526e+07   5.36e+06      6.583      0.000    2.48e+07    4.58e+07
3_RfR 1                 -7.026e+06   2.86e+06     -2.459      0.014   -1.26e+07   -1.42e+06
3_RfR 2                  3.526e+07   5.36e+06      6.583      0.000    2.48e+07    4.58e+07
3_RfR 3                  1.051e+07   2.91e+06      3.611      0.000     4.8e+06    1.62e+07
4_RfR 0                 -2.236e+07   4.45e+06     -5.020      0.000   -3.11e+07   -1.36e+07
4_RfR 1                 -5.216e+06   4.46e+06     -1.169      0.243    -1.4e+07    3.53e+06
4_RfR 2                  4.458e+07   4.18e+06     10.666      0.000    3.64e+07    5.28e+07
4_RfR 3                  4.602e+07   4.45e+06     10.345      0.000    3.73e+07    5.47e+07
A.1_DikeIncrease 0        2.22e+08   2.02e+07     10.999      0.000    1.82e+08    2.62e+08
A.1_DikeIncrease 1      -2.635e+08      2e+07    -13.150      0.000   -3.03e+08   -2.24e+08
A.1_DikeIncrease 2        4.46e+07   1.93e+07      2.311      0.021    6.77e+06    8.24e+07
A.1_DikeIncrease 3       2.224e+08    2.2e+07     10.088      0.000    1.79e+08    2.66e+08
A.2_DikeIncrease 0      -5.006e+05   1.55e+07     -0.032      0.974   -3.08e+07    2.98e+07
A.2_DikeIncrease 1      -1.048e+08   9.84e+06    -10.655      0.000   -1.24e+08   -8.55e+07
A.2_DikeIncrease 2       1.763e+08   1.76e+07     10.026      0.000    1.42e+08    2.11e+08
A.2_DikeIncrease 3       3.267e+08   1.72e+07     19.025      0.000    2.93e+08     3.6e+08
A.3_DikeIncrease 0       4.353e+08   2.47e+07     17.649      0.000    3.87e+08    4.84e+08
A.3_DikeIncrease 1       1.461e+08   1.34e+07     10.870      0.000     1.2e+08    1.72e+08
A.3_DikeIncrease 2       9.841e+07   2.09e+07      4.697      0.000    5.73e+07    1.39e+08
A.3_DikeIncrease 3       2.487e+08   2.06e+07     12.073      0.000    2.08e+08    2.89e+08
A.4_DikeIncrease 0      -1.961e+08   1.51e+07    -13.020      0.000   -2.26e+08   -1.67e+08
A.4_DikeIncrease 1      -8.134e+06   1.46e+07     -0.556      0.578   -3.68e+07    2.06e+07
A.4_DikeIncrease 2      -1.958e+08   1.49e+07    -13.154      0.000   -2.25e+08   -1.67e+08
A.4_DikeIncrease 3       9.233e+07   1.64e+07      5.620      0.000    6.01e+07    1.25e+08
A.5_DikeIncrease 0       1.485e+07   8.66e+06      1.714      0.086   -2.13e+06    3.18e+07
A.5_DikeIncrease 1      -3.841e+07   1.52e+07     -2.535      0.011   -6.81e+07   -8.71e+06
A.5_DikeIncrease 2       7.319e+07   1.59e+07      4.593      0.000     4.2e+07    1.04e+08
A.5_DikeIncrease 3       2.434e+08   1.49e+07     16.317      0.000    2.14e+08    2.73e+08
EWS_DaysToThreat         3.962e+07   6.36e+06      6.231      0.000    2.72e+07    5.21e+07
==============================================================================
Omnibus:                    12999.918   Durbin-Watson:                   2.045
Prob(Omnibus):                  0.000   Jarque-Bera (JB):          2042033.918
Skew:                           7.422   Prob(JB):                         0.00
Kurtosis:                      71.414   Cond. No.                     9.23e+16
==============================================================================

Notes:
[1] Standard Errors assume that the covariance matrix of the errors is correctly specified.
[2] The smallest eigenvalue is 2.28e-25. This might indicate that there are
strong multicollinearity problems or that the design matrix is singular.